13261.82031
13044.12012
13046.55957
12801.15039
12820.90039
12590.20996
12733.11035
12850.74023
12613.78027
12777.5
12476.80957
12467.0498
12159.94043
12092.71973
11969.08008
12272.69043
12391.7002
12205.70996
12385.19043
12480.13965
12438.28027
12638.16992
12743.11035
12631.84961
12257.25
12196.2002
12248.46973
12181.88965
12241.55957
12368.12012
12551.50977
12376.66016
12349.58984
12333.30957
12426.84961
12281.08984
12380.76953
12569.48047
12683.54004
12689.28027
12579.58008
12264.36035
12259.13965
12204.92969
12254.58984
12039.08984
11893.04004
11741.33008
12148.61035
12096.49023
12146.38965
11946.4502
11975.91992
12391.51953
12102.42969
12361.96973
12547.33984
12531.79004
12421.87988
12303.91992
12215.91992
12266.63965
12651.66992
12605.83008
12626.03027
12612.58984
12602.66016
12574.65039
12526.78027
12579.78027
12324.76953
12302.05957
12371.50977
12617.40039
12626.75977
12850.91016
12825.01953
12721.4502
12764.67969
12848.37988
12890.75977
12870.37012
12831.4502
12818.33984
13012.53027
13056.57031
12968.88965
13010.82031
12814.34961
12860.67969
12745.5498
12872.08008
12825.12012
12891.29004
12992.74023
12985.41016
13026.04004
12824.94043
12597.69043
12620.90039
12479.62988
12542.90039
12593.87012
12647.36035
12637.66992
12503.2002
12391.86035
12388.80957
12602.74023
12210.12988
12277.70996
12286.33984
12089.62988
12144.58984
12306.86035
12269.65039
12158.67969
12029.05957
12062.19043
11843.83008
11842.36035
11805.30957
11808.57031
11452.84961
11345.7002
11344.63965
11382.33984
11216
11289.19043
11225.03027
11381.92969
11148.00977
11226.16992
11103.63965
11050.7998
10961.88965
11238.38965
11436.55957
11495.01953
11457.90039
11603.38965
11630.33984
11341.13965
11369.46973
11133.44043
11397.55957
11577.99023
11379.88965
11326.32031
11286.01953
11603.63965
11655.41992
11432.08984
11729.66992
11781.7002
11632.80957
11532.07031
11611.20996
11659.65039
11478.08984
11345.94043
11415.23047
11426.79004
11626.19043
11383.55957
11412.45996
11499.87012
11713.23047
11545.62988
11506.00977
11532.48047
11185.62988
11224.87012
11514.73047
11233.91016
11264.44043
11429.32031
11416.37012
10905.62012
11056.58008
10609.00977
11027.50977
11394.41992
11015.69043
10850.01953
10827.16992
11019.04004
11139.62012
10371.58008
10847.40039
10825.54004
10483.95996
10322.51953
9955.41992
9437.23047
9261.69043
8568.66992
8462.41992
9388.96973
9301.91016
8577.04004
8975.34961
8852.2998
9262.7998
9027.83984
8519.76953
8683.20996
8375.91992
8178.72021
9062.33008
9004.66016
9179.08984
9326.04004
9323.88965
9616.59961
9134.00977
8696.03027
8946.59961
8864.32031
8684.51953
8281.13965
8822.19043
8494.83984
8273.33984
8420.69043
7995.52979
7552.37012
8048.08984
8445.13965
8464.49023
8724.7002
8826.88965
8153.75
8409.13965
8587.07031
8376.08008
8637.65039
8934.09961
8693
8750.12988
8563.09961
8628.80957
8565.65039
8921.91016
8823.94043
8606.5
8573.37012
8518.65039
8416.86035
8468.70996
8515.87012
8487.50977
8666.48047
8772.25
9027.12988
8954.57031
8996.94043
8769.94043
8738.7998
8599.25977
8474.61035
8446.00977
8196.24023
8215.66992
8279.62988
7949.16992
8224.42969
8108.79004
8078.04004
8117.39014
8175.93018
8373.05957
8149.00977
8000.62012
7936.99023
8070.31982
7954.83008
8056.37988
8281.37988
8269.36035
7887.0498
7931.97021
7933
7845.62988
7546.3501
7555.22998
7461.49023
7365.99023
7115.33984
7349.58008
7269.06006
7180.97021
7056.47998
6764.81006
6726.5
6874.00977
6595.16016
6625.74023
6547.00977
6923.12988
6932.39014
7167.3501
7225.33008
7218
7395.7002
7489.68018
7402.31006
7279.25
7773.47021
7659.81006
7752.35986
7922.56982
7773.31006
7523.77002
7606.12988
7763.99023
7980.62988
8016.16016
7968.91992
7788.68018
7839.89014
8082.02002
8057.41016
7914.91992
8029.14014
8125.43018
8128.93994
7841.72998
7964.77979
7886.81006
7957.4502
8073.81982
8023.56006
8018.31006
8188.50977
8167.41016
8213.59961
8425.5498
8403.48047
8512.28027
8410.73047
8569.23047
8419.16992
8461.7998
8285.91992
8326.21973
8270.15039
8502.48047
8471.82031
8416.07031
8292.20996
8277.32031
8473.65039
8300.5
8404.04004
8501.53027
8721.59961
8740.07031
8675.28027
8751.75
8759.34961
8764.83008
8763.66016
8736.23047
8770.00977
8798.5
8612.44043
8504.36035
8496.73047
8556.95996
8538.51953
8340.44043
8323.50977
8299.25
8468.54004
8440.12988
8528.92969
8447.53027
8503
8280.74023
8324.9502
8163.6001
8179.00977
8182.49023
8146.52002
8331.37012
8363.9502
8612.66016
8711.88965
8746.0498
8848.15039
8912.38965
8882.30957
9066.11035
9093.08984
9106.91992
9092.33984
9072.83984
9154.61035
9173.65039
9285.0498
9315.36035
9277.19043
9258.4502
9368.41016
9334.33008
9236.05957
9362.29004
9398.04004
9313.84961
9134.36035
9208.67969
9278.5498
9347.86035
9506.17969
9509.20996
9538.61035
9541.62988
9582.74023
9542.91016
9492.32031
9306.20996
9282.03027
9345.36035
9440.12988
9496.58984
9546.54004
9625.44043
9598.08008
9626.41992
9683.70996
9789.82031
9784.75
9818.61035
9779.61035
9830.62988
9749.99023
9706.67969
9663.23047
9789.74023
9741.83008
9711.59961
9507.62012
9488.73047
9601.25977
9725.69043
9728.21973
9786.04004
9865.24023
9883.98047
9873.5498
10014.87988
10061.36035
9996.66992
10092.41992
10038.83984
9946.17969
10099.90039
9972.33008
9868.33984
9881.11035
9762.91016
9961.51953
9712.12988
9787.46973
9767.2998
9807.7998
10001.34961
10020.62012
10223.00977
10247.41992
10289.82031
10197.84961
10267.53027
10404.76953
10426.26953
10425.33008
10327.91016
10320.12988
10451.25
10432.95996
10452.23047
10309.76953
10343.82031
10470.44043
10455.62988
10368.57031
10386.86035
10385.41992
10282.84961
10336
10403.41016
10471.28027
10499.30957
10449.80957
10439.99023
10309.38965
10330.09961
10414.66992
10464.32031
10467.12012
10517.91016
10547.83008
10544.36035
10548.50977
10430.69043
10584.55957
10564.71973
10571.11035
10606.40039
10620.30957
10662.86035
10628.08984
10680.16016
10706.99023
10608.37012
10719.69043
10603.91016
10389.58008
10175.09961
10195.34961
10194.29004
10236.91992
10122.04004
10068.99023
10186.12988
10291.73047
10273.12012
10003.69043
10005.42969
9910.28027
10055.45996
10037.84961
10137.23047
10100.80957
10261.48047
10309.38965
10387.76953
10402.42969
10383.16016
10284
10366.59961
10321.41016
10326.09961
10404.16016
10406.28027
10396.53027
10445.12988
10563.78027
10552.24023
10560.12988
10560.98047
10611.76953
10623.41016
10642.53027
10686.36035
10733.44043
10780
10741
10787.17969
10887.62012
10837.50977
10841.29004
10849.23047
10895.01953
10907.33984
10857.30957
10927.4502
10972.49023
10961.9502
10896.99023
10926.91992
10996.75
11006.71973
11020.7002
11122.95996
11143.66016
11018.36035
11093.11035
11116.91016
11119.78027
11132.17969
11205.11035
11203.66992
10988.87012
11045.63965
11168.23047
11009.59961
11149.48047
10918.40039
10868.12012
10519.41992
10386.17969
10780
10742.15039
10896.61035
10780.67969
10616.98047
10625.4502
10505.7002
10440.20996
10063.92969
10193.45996
10061.42969
10045.11035
9971.73047
10258
10133.94043
10025.61035
10250.66992
10249.61035
9931.75
9812.94043
9941.57031
9901.66992
10166.78027
10211.83008
10192.40039
10404.24023
10409.98047
10435
10452.45996
10441.9502
10293.2998
10297.08008
10153.48047
10143.0498
10135.71973
9868.33984
9773.26953
9732.53027
9686.48047
9743.62012
10019.25977
10138.99023
10199.24023
10217.5498
10370.95996
10367.09961
10356.2002
10098.12012
10151.48047
10226.01953
10121.80957
10321.16016
10424.16992
10525.28027
10537.00977
10498.94043
10465.19043
10468.82031
10673.91992
10630.2002
10679.66992
10668.5498
10654.62012
10696.62988
10631.82031
10361.58008
10320.33008
10303.07031
10297.62988
10398.58984
10411.15039
10270.98047
10215.50977
10173.0498
10040.15039
10059.90039
9982.17969
10145.58008
10006.41992
10016.00977
10270.08008
10321.91992
10446.7998
10338.49023
10388.13965
10415.00977
10458.59961
10544.73047
10526.41992
10571.75
10595.5498
10608.08008
10753.38965
10761.11035
10738.48047
10664.38965
10860.03027
10809.16992
10857.98047
10836.04004
10789.71973
10828.84961
10752.78027
10936.79004
10968.41016
10948.5
11006.92969
11010.79004
11022.82031
11096.99023
11096.00977
11062.62988
11139.59961
10974.51953
11105.24023
11146.41016
11133.40039
11163.13965
11168.40039
11127.33984
11120.4502
11120.2998
11125.21973
11184.87988
11216.65039
11435.21973
11439.54004
11403.58984
11342.80957
11326.69043
11281.28027
11194.01953
11194.7002
11017.83008
11010.49023
11180.76953
11201.66016
11177.59961
11037.34961
11183.5
11083.75
11049.71973
11007.23047
11255.92969
11361.87988
11381.33008
11363.84961
11354.4502
11370.44043
11370.05957
11406.16016
11429.24023
11475.63965
11457.92969
11499.01953
11491.2998
11478.36035
11532.16992
11559.11035
11572.80957
11554.7998
11572.74023
11585.37988
11569.33008
11577.42969
11670.90039
11688.61035
11716.92969
11696.86035
11672.33984
11638.50977
11673.62012
11753.7002
11732.12988
11783.82031
11834.20996
11823.7002
11822.9502
11873.42969
11980.51953
11978.84961
11985.36035
11990.36035
11824.38965
11892.5
12038.26953
12040.67969
12061.73047
12092.37988
12152.7002
12229.29004
12239.66016
12227.78027
12266.83008
12266.75
12219.79004
12287.71973
12318.66992
12389.74023
12211.80957
12104.55957
12060.92969
12130.4502
12226.49023
12057.33984
12068.00977
12258.87988
12171.08984
12085.87012
12211.16016
12211.42969
11976.95996
12042.12988
11988.69043
11854.2002
11614.88965
11777.23047
11860.11035
12036.37012
12018.40039
12087.54004
12170.70996
12221.19043
12194.48047
12280.07031
12350.75977
12321.01953
12374.59961
12402.08008
12386.66016
12426.4502
12409.87012
12380.42969
12381.19043
12263.65039
12270.24023
12285.4502
12339.70996
12201.44043
12266.75
12453.62012
12505.99023
12480.86035
12592.23047
12689.90039
12763.45996
12810.16016
12806.37988
12806.29004
12723.65039
12580.75977
12637.83008
12685.12988
12745.87012
12629.95996
12695.65039
12594.76953
12541.33008
12471.78027
12561.45996
12604.71973
12511.36035
12381.57031
12355.4502
12391.62988
12398.05957
12443.40039
12569.41016
12289.61035
12247.7998
12151.19043
12090.17969
12066.26953
12049.46973
12124.16992
11945.33008
11951.37988
12075.12012
11896.12988
11962.66016
12004.28027
12081.33008
12189.70996
12108.34961
12049.24023
11934.66016
12043.55957
12187.62988
12262.25
12414.33984
12569.87012
12562.46973
12627.23047
12717.90039
12655.62012
12505.54004
12447.33008
12491.53027
12437.12012
12475.11035
12386.03027
12583.67969
12567.07031
12724.70996
12679.71973
12592.12012
12498.41992
12301.71973
12239.36035
12144.21973
12129.76953
11863.74023
11893.86035
11383.98047
11433.92969
10810.91016
11228
10729.84961
11143.45996
11269.84961
11480.48047
11392.00977
11406.26953
10989.75
10820.37012
10854.58008
11175.78027
11321.01953
11149.82031
11286.65039
11532.12988
11560.48047
11613.2998
11492.05957
11237.30957
11137.62988
11414.86035
11294.59961
10990.00977
11054.99023
11106.83008
11247.71973
11433.70996
11506.82031
11401.46973
11408.58008
11121.88965
10732.76953
10771.78027
11045.23047
11189.09961
11012.79004
11152.32031
10912.09961
10651.44043
10800.46973
10939.87012
11123.41016
11104.55957
11432.7998
11417.36035
11518.08984
11478.96973
11643.34961
11396.16992
11577.54004
11502.12988
11543.21973
11807.95996
11912.62988
11707.75977
11872.07031
12207.33984
12229.21973
11951.53027
11658.49023
11835.58984
12043.41016
11983.01953
12055.51953
12166.40039
11780.03027
11896.28027
12153
12077.91992
12084.74023
11905.66992
11768.98047
11795.5498
11542.38965
11492.74023
11251.87988
11232.46973
11523.00977
11559.26953
12046.20996
12022.37012
12021.54004
12097.75
12144.41016
12195.91016
11996.03027
12181.08008
12018.66016
11949.71973
11825.29004
11870.25
11866.54004
11769.20996
12103.58008
12107.58984
12169.87988
12293.46973
12288.84961
12152.32031
12286.28027
12221.19043
12392.45996
12418.41992
12407.4502
12359.30957
12394.50977
12459.51953
12449.91016
12469.95996
12423.12012
12474.69043
12578.19043
12623.83008
12720.25
12708.37012
12673.62988
12756.95996
12733.9502
12659.16992
12654.78027
12632.75977
12716.54004
12705.04004
12860.71973
12844.37012
12865.79004
12884.41016
12889.5498
12799.11035
12871.76953
12864.65039
12779.80957
12903.33008
12949.33984
12966.21973
12937.08008
12981.2002
12981.12988
12976.74023
13005.41992
12952.29004
12980.75
12977.33984
12958.65039
12756.12012
12835.53027
12908.62012
12920.58008
12953.2002
13177.15039
13192.96973
13253.50977
13231.94043
13238.4502
13170.79004
13124.40039
13045.99023
13082.62012
13242.08984
13195.38965
13125.99023
13147.94043
13211.36035
13258.95996
13198.19043
13067.17969
13057.57031
12929.44043
12716.91992
12806.4502
12986.2002
12850.87988
12921.79004
13114.55957
13028.73047
12964.48047
13028.2002
12927.76953
12997.69043
13090.11035
13204.7002
13228.30957
13214.16016
13278.11035
13267.58984
13204.62012
13035.84961
13000.73047
12921.80957
12831.58008
12851.79004
12818.49023
12695.0498
12617.32031
12598.32031
12443.01953
12369.15039
12505.37988
12501.51953
12491.91016
12530.74023
12454.83008
12579.01953
12414.41016
12391.55957
12119.84961
12101.08008
12125