13043.95996
13056.71973
12800.17969
12827.49023
12589.07031
12735.30957
12853.08984
12606.2998
12778.15039
12501.11035
12466.16016
12159.20996
12099.2998
11971.19043
12270.16992
12378.61035
12207.16992
12383.88965
12480.2998
12442.83008
12650.36035
12743.19043
12635.16016
12265.12988
12200.09961
12247
12182.12988
12240.00977
12373.41016
12552.24023
12376.98047
12348.20996
12337.21973
12427.25977
12284.2998
12381.01953
12570.21973
12684.91992
12694.28027
12582.17969
12266.38965
12258.90039
12213.7998
12254.99023
12040.38965
11893.69043
11740.15039
12156.80957
12110.24023
12145.74023
11951.08984
11972.25
12392.66016
12099.66016
12361.32031
12548.63965
12532.59961
12422.86035
12302.45996
12216.40039
12262.88965
12654.36035
12608.91992
12626.03027
12609.41992
12612.42969
12576.44043
12527.25977
12581.98047
12325.41992
12302.05957
12362.46973
12619.26953
12620.49023
12849.36035
12825.01953
12720.23047
12763.21973
12848.9502
12891.86035
12871.75
12831.94043
12820.12988
13010
13058.2002
12969.54004
13020.83008
12814.34961
12866.78027
12745.87988
12876.30957
12832.17969
12898.37988
12992.66016
12986.7998
13028.16016
12828.67969
12601.19043
12625.62012
12479.62988
12548.34961
12594.03027
12646.21973
12638.32031
12503.82031
12402.84961
12390.48047
12604.4502
12209.80957
12280.32031
12289.75977
12083.76953
12141.58008
12307.34961
12269.08008
12160.2998
12029.05957
12063.08984
11842.69043
11842.36035
11807.42969
11811.83008
11453.41992
11346.50977
11350.00977
11382.25977
11215.50977
11288.54004
11231.95996
11384.20996
11147.44043
11229.01953
11100.54004
11055.19043
10962.54004
11239.28027
11446.66016
11496.57031
11467.33984
11602.5
11632.37988
11349.28027
11370.69043
11131.08008
11397.55957
11583.69043
11378.01953
11326.32031
11284.15039
11615.76953
11656.07031
11431.42969
11734.32031
11782.34961
11642.46973
11532.95996
11615.92969
11659.90039
11479.38965
11348.5498
11417.42969
11430.20996
11628.05957
11386.25
11412.87012
11502.50977
11715.17969
11543.95996
11516.91992
11532.87988
11188.23047
11220.95996
11510.74023
11230.73047
11268.91992
11433.70996
11421.99023
10917.50977
11059.01953
10609.66016
11019.69043
11388.44043
11015.69043
10854.16992
10825.16992
11022.05957
11143.12988
10365.4502
10850.66016
10831.07031
10482.84961
10325.37988
9955.5
9447.11035
9258.09961
8579.19043
8451.19043
9387.61035
9310.99023
8577.91016
8979.25977
8852.21973
9265.42969
9033.66016
8519.20996
8691.25
8378.9502
8175.77002
9065.12012
8990.95996
9180.69043
9325.00977
9319.83008
9625.28027
9139.26953
8695.79004
8943.80957
8870.54004
8693.95996
8282.66016
8835.25
8497.30957
8273.58008
8424.75
7997.27979
7552.29004
8046.41992
8443.38965
8479.46973
8726.61035
8829.04004
8149.08984
8419.08984
8591.69043
8376.24023
8635.41992
8934.17969
8691.33008
8761.41992
8565.08984
8629.67969
8564.53027
8924.13965
8824.33984
8604.99023
8579.11035
8519.69043
8419.49023
8468.48047
8515.5498
8483.92969
8668.38965
8776.38965
9034.69043
8952.88965
9015.09961
8769.7002
8742.45996
8599.17969
8473.96973
8448.55957
8200.13965
8212.49023
8281.21973
7949.08984
8228.09961
8122.7998
8077.56006
8116.02979
8174.72998
8375.4502
8149.00977
8000.85986
7936.75
8078.35986
7956.66016
8063.06982
8280.58984
8270.87012
7888.87988
7939.52979
7932.75977
7850.41016
7552.6001
7555.62988
7465.9502
7365.66992
7114.77979
7350.93994
7270.89014
7182.08008
7062.93018
6763.29004
6726.02002
6875.83984
6594.43994
6626.93994
6547.0498
6926.49023
6930.3999
7170.06006
7223.97998
7216.97021
7395.7002
7486.58008
7400.7998
7278.37988
7775.85986
7659.97021
7749.81006
7924.56006
7776.18018
7522.02002
7608.91992
7761.6001
7978.08008
8017.58984
7975.8501
7789.56006
7837.10986
8083.37988
8057.81006
7920.18018
8029.62012
8125.43018
8131.33008
7841.72998
7969.56006
7886.56982
7957.06006
8076.29004
8025
8016.9502
8185.72998
8168.12012
8212.41016
8426.74023
8410.65039
8512.28027
8409.84961
8574.65039
8418.76953
8469.11035
8284.88965
8331.32031
8268.63965
8504.08008
8474.84961
8422.04004
8292.12988
8277.32031
8473.49023
8300.01953
8403.7998
8500.33008
8721.44043
8740.87012
8675.24023
8750.24023
8763.12988
8764.49023
8763.05957
8739.01953
8770.91992
8799.25977
8612.12988
8504.66992
8497.17969
8555.59961
8539.73047
8339.00977
8322.91016
8299.86035
8472.40039
8438.38965
8529.37988
8447
8504.05957
8280.74023
8324.87012
8163.6001
8178.41016
8183.16992
8146.52002
8331.67969
8359.49023
8616.20996
8711.82031
8743.94043
8848.15039
8915.94043
8881.25977
9069.29004
9093.24023
9108.50977
9096.71973
9070.71973
9154.45996
9171.61035
9286.55957
9320.19043
9280.96973
9256.25977
9370.07031
9337.9502
9241.4502
9361.61035
9398.19043
9321.40039
9135.33984
9217.94043
9279.16016
9350.0498
9505.95996
9509.28027
9539.29004
9543.51953
9580.62988
9544.2002
9496.28027
9310.59961
9280.66992
9344.61035
9441.26953
9497.33984
9547.21973
9627.48047
9605.41016
9626.7998
9683.41016
9791.70996
9783.91992
9820.2002
9778.86035
9829.87012
9748.5498
9707.44043
9665.19043
9789.36035
9742.2002
9712.28027
9509.28027
9487.66992
9599.75
9731.25
9725.58008
9786.87012
9864.94043
9885.7998
9871.05957
10015.86035
10062.94043
9995.91016
10092.19043
10041.48047
9949.36035
10081.30957
9972.17969
9867.95996
9882.16992
9762.69043
9962.58008
9712.73047
9789.44043
9771.91016
9802.13965
10005.95996
10023.41992
10226.94043
10246.96973
10291.25977
10197.46973
10270.46973
10406.95996
10437.41992
10426.30957
10332.44043
10318.16016
10450.9502
10433.70996
10464.40039
10309.91992
10344.83984
10471.58008
10452.67969
10366.15039
10388.90039
10390.11035
10285.96973
10337.0498
10405.83008
10471.5
10501.0498
10452
10441.12012
10308.25977
10328.88965
10414.13965
10464.92969
10466.44043
10520.08984
10547.08008
10545.41016
10548.50977
10428.0498
10583.95996
10572.01953
10573.67969
10606.86035
10618.19043
10663.99023
10627.25977
10680.76953
10710.5498
10609.65039
10725.42969
10603.15039
10389.87988
10172.98047
10196.86035
10194.29004
10236.16016
10120.45996
10067.33008
10185.53027
10296.84961
10270.5498
10002.17969
10012.23047
9908.38965
10058.63965
10038.37988
10144.19043
10099.13965
10268.80957
10309.24023
10392.90039
10402.34961
10383.37988
10282.41016
10374.16016
10321.03027
10325.25977
10403.79004
10405.98047
10396.75977
10444.13965
10566.2002
10552.51953
10564.37988
10567.33008
10611.83984
10624.69043
10642.15039
10685.98047
10733.66992
10779.16992
10741.98047
10785.88965
10888.83008
10836.15039
10841.20996
10850.36035
10895.86035
10907.41992
10856.62988
10927.07031
10973.5498
10969.99023
10897.51953
10927.07031
10997.34961
11005.96973
11019.41992
11123.11035
11144.57031
11018.66016
11092.0498
11117.05957
11124.91992
11134.29004
11204.28027
11205.03027
10991.99023
11045.26953
11167.32031
11008.61035
11151.83008
10926.76953
10866.83008
10520.32031
10380.42969
10785.13965
10748.25977
10896.91016
10782.9502
10620.16016
10625.83008
10510.9502
10444.37012
10068.00977
10193.38965
10066.57031
10043.75
9974.4502
10258.99023
10136.62988
10024.01953
10249.54004
10255.28027
9931.96973
9816.49023
9939.98047
9899.25
10172.53027
10211.07031
10190.88965
10404.76953
10409.45996
10434.16992
10450.63965
10442.41016
10293.51953
10298.44043
10152.7998
10143.80957
10138.51953
9870.2998
9774.01953
9732.53027
9686.48047
9743.62012
10018.28027
10138.99023
10198.03027
10216.26953
10363.01953
10366.71973
10359.30957
10097.90039
10154.42969
10229.95996
10120.53027
10322.2998
10424.62012
10525.42969
10537.69043
10497.87988
10467.16016
10465.94043
10674.37988
10636.37988
10680.42969
10674.98047
10653.55957
10698.75
10644.25
10378.83008
10319.9502
10303.15039
10302.00977
10405.84961
10415.54004
10271.20996
10213.62012
10174.41016
10040.4502
10060.05957
9985.80957
10150.65039
10009.73047
10014.71973
10269.46973
10320.09961
10447.92969
10340.69043
10387.00977
10415.24023
10462.76953
10544.12988
10526.49023
10572.73047
10594.83008
10607.84961
10753.62012
10761.03027
10739.30957
10662.41992
10860.25977
10812.04004
10858.13965
10835.28027
10788.0498
10829.67969
10751.26953
10944.71973
10967.65039
10948.58008
11006.48047
11010.33984
11020.40039
11096.08008
11094.57031
11062.78027
11143.69043
10978.62012
11107.96973
11146.57031
11132.55957
11164.0498
11169.45996
11126.28027
11113.9502
11118.49023
11124.62012
11188.71973
11215.12988
11434.83984
11444.08008
11406.83984
11346.75
11357.04004
11283.09961
11192.58008
11201.96973
11023.5
11007.87988
11181.23047
11203.5498
11178.58008
11036.37012
11187.28027
11091.87012
11052.49023
11006.01953
11255.78027
11362.41016
11382.08984
11362.19043
11359.16016
11372.48047
11370.05957
11410.32031
11428.55957
11476.54004
11457.46973
11499.25
11491.91016
11478.12988
11533.16016
11559.49023
11573.49023
11555.03027
11575.54004
11585.37988
11569.70996
11577.50977
11670.75
11691.17969
11722.88965
11697.30957
11674.75977
11637.4502
11671.87988
11755.44043
11731.90039
11787.37988
11837.92969
11825.29004
11822.7998
11871.83984
11980.51953
11977.19043
11985.44043
11989.83008
11823.7002
11891.92969
12040.16016
12041.96973
12062.25977
12092.15039
12161.62988
12233.15039
12239.88965
12229.29004
12273.25977
12268.19043
12226.63965
12288.16992
12318.13965
12391.25
12212.79004
12105.78027
12068.5
12130.4502
12226.33984
12058.01953
12066.7998
12258.2002
12169.87988
12090.03027
12214.37988
12213.08984
11984.61035
12044.40039
11993.16016
11855.41992
11613.2998
11774.58984
11858.51953
12036.53027
12018.62988
12086.01953
12170.55957
12220.58984
12197.87988
12279.00977
12350.61035
12319.73047
12376.71973
12400.03027
12393.90039
12426.75
12409.49023
12380.0498
12381.11035
12263.58008
12270.99023
12285.15039
12341.83008
12201.58984
12266.75
12453.54004
12505.99023
12479.87988
12595.37012
12690.95996
12763.30957
12810.54004
12807.36035
12807.50977
12723.58008
12584.16992
12638.74023
12684.67969
12760.36035
12630.03027
12695.91992
12595.75
12548.37012
12479.58008
12560.17969
12605.32031
12512.04004
12381.25977
12356.20996
12394.66016
12402.75977
12441.58008
12569.79004
12290.13965
12248.5498
12151.25977
12089.95996
12070.80957
12048.94043
12124.36035
11951.91016
11952.96973
12076.11035
11897.26953
11961.51953
12004.36035
12080.37988
12190.00977
12109.66992
12050
11934.58008
12043.55957
12188.69043
12261.41992
12414.33984
12582.76953
12569.87012
12626.01953
12719.49023
12657.2002
12505.75977
12446.87988
12491.61035
12437.12012
12479.73047
12385.16016
12587.41992
12571.91016
12724.41016
12681.16016
12592.7998
12501.2998
12302.5498
12240.11035
12143.24023
12132.49023
11866.62012
11896.44043
11383.67969
11444.61035
10809.84961
11239.76953
10719.94043
11143.30957
11269.01953
11482.90039
11405.92969
11410.20996
10990.58008
10817.65039
10854.65039
11176.75977
11320.70996
11149.82031
11284.54004
11539.25
11559.9502
11613.53027
11493.57031
11240.25977
11139.2998
11414.86035
11295.80957
10992.12988
11061.12012
11105.84961
11246.73047
11433.17969
11509.08984
11401.00977
11408.66016
11124.83984
10733.83008
10771.48047
11043.86035
11190.69043
11010.90039
11153.98047
10913.37988
10655.2998
10808.70996
10939.9502
11123.33008
11103.12012
11433.17969
11416.2998
11518.84961
11478.12988
11644.49023
11397
11577.0498
11504.62012
11541.78027
11808.79004
11913.62012
11706.62012
11869.04004
12208.5498
12231.11035
11955.00977
11657.95996
11836.04004
12044.46973
11983.24023
12068.38965
12170.17969
11780.94043
11893.86035
12153.67969
12078.98047
12096.16016
11905.58984
11770.73047
11796.16016
11547.30957
11493.71973
11257.5498
11231.65039
11523.00977
11555.62988
12045.67969
12020.03027
12019.41992
12097.83008
12150.12988
12196.37012
11997.7002
12184.25977
12021.38965
11954.94043
11823.48047
11868.80957
11866.38965
11766.25977
12103.58008
12107.74023
12169.65039
12294
12291.34961
12151.41016
12287.04004
12217.55957
12397.37988
12418.41992
12415.7002
12359.91992
12392.69043
12462.46973
12449.4502
12471.01953
12422.05957
12482.07031
12578.9502
12623.98047
12720.48047
12708.82031
12675.75
12758.84961
12734.62988
12660.45996
12653.71973
12632.91016
12716.45996
12705.41016
12862.23047
12845.12988
12878.2002
12883.9502
12890.45996
12801.23047
12874.04004
12878.28027
12780.9502
12904.08008
12949.87012
12965.69043
12938.66992
12984.69043
12982.9502
12981.50977
13005.12012
12952.07031
12980.2998
12977.57031
12962.80957
12759.15039
12837.33008
12907.94043
12922.01953
12959.70996
13177.67969
13194.09961
13252.75977
13232.62012
13239.12988
13170.19043
13124.62012
13046.13965
13080.73047
13241.62988
13197.73047
13126.20996
13145.82031
13212.04004
13264.49023
13199.5498
13074.75
13060.13965
12929.58984
12715.92969
12805.38965
12986.58008
12849.58984
12921.41016
13115.54004
13032.75
12964.09961
13029.25977
12927.16992
13001.55957
13090.71973
13204.62012
13228.30957
13213.62988
13279.32031
13268.57031
13206.58984
13038.26953
13008.53027
12932.08984
12835.05957
12855.04004
12820.59961
12695.34961
12632
12598.5498
12442.49023
12369.37988
12504.48047
12502.80957
12496.15039
12529.75
12454.83008
12580.69043
12419.86035
12393.4502
12118.57031
12101.45996
12127.9502