12991.37012
13023.55957
12789.04004
12733.83984
12565.41016
12501.75977
12632.15039
12543.87012
12613.7002
12488.75977
12392.26953
12125.55957
12022.48047
11634.82031
11644.80957
12241.7998
12183.67969
12112.13965
12346.99023
12406.16992
12249.92969
12602.32031
12621.83008
12264.07031
12178.15039
12120.44043
12103.37012
12069.46973
12241.55957
12367.7998
12361.45996
12278.62012
12304.08008
12227.71973
12247.33984
12155.25977
12341.04004
12512.41016
12609.37012
12536.42969
12223.57031
12161.0498
12032.41992
12140.53027
12026.07031
11819.69043
11731.59961
11741.00977
12092.25
11875.78027
11832.71973
11756.59961
11975.83984
12095.09961
12097.87012
12361.96973
12449.08008
12376.7002
12293.33984
12196.87012
12176.11035
12266.46973
12555.16992
12527.75
12528.16016
12583.28027
12525.7998
12468.96973
12497.21973
12302.05957
12280.40039
12269.80957
12371.50977
12563.25
12626.75977
12751.16992
12656.55957
12703.0498
12706.62988
12742.78027
12857.5
12804.66016
12808.98047
12793.09961
12981.83008
12939.74023
12863.2002
12796.19043
12794.80957
12715.01953
12740.5
12780.96973
12825.12012
12854.98047
12893.49023
12963.75977
12781.78027
12573.66992
12591.33984
12460.08984
12442.58984
12495.26953
12554.7002
12617.40039
12427.76953
12342.12012
12338.78027
12388.80957
12192.05957
12195.32031
12206.95996
12079.12988
12076.92969
12144.58984
12212.25
12150.29004
11993.63965
11978.33008
11818.83008
11731.05957
11725.51953
11789.36035
11453.41992
11297.99023
11287.55957
11183.42969
11214.37012
11157.20996
11120.74023
11174.87988
11141.99023
11086.9502
10977.67969
11003.65039
10827.70996
10918.33008
11209.55957
11381.92969
11423.94043
11387.38965
11558.29004
11345.37012
11325.09961
11125.12988
11128.05957
11397.55957
11363.69043
11267.0498
11221.53027
11286.01953
11521.32031
11416.7002
11388.04004
11675.53027
11601.51953
11453.33984
11450.88965
11599.73047
11434.12012
11318.5
11290.58008
11315.57031
11426.79004
11362.62988
11340.41016
11381.76953
11499.79004
11543.38965
11471.90039
11416.53027
11176.01953
11037.84961
11224.79004
11230.73047
11215.25977
11098.66992
11280.40039
10917.50977
10742.7002
10595.90039
10459.44043
11026.7002
10992.2002
10833.94043
10753.57031
10827.00977
10868.82031
10365.4502
10371.41992
10631.9502
10439.51953
10310.25
9525.32031
9436.66992
9194.78027
8579.19043
7882.50977
8462.17969
9085.42969
8530.12012
8197.66992
8718.25
8852.21973
9004.26953
8335.2998
8243.5498
8187.47998
8143.58984
8174.72998
8890.29004
8976.87012
9119.2002
9255.48047
9323.88965
9111.46973
8637.16992
8696.03027
8760.45996
8560.70996
8265.29004
7965.41992
8469.99023
8246.88965
8105.43994
7987.08008
7506.97021
7449.37988
8048.08984
8281.45996
8311.16992
8672.69043
8141.35986
8143.50977
8234.15039
8259.40039
8118.5
8637.49023
8651.74023
8646.33008
8512.75977
8347.80957
8469.03027
8565.65039
8778.07031
8527.41016
8550.42969
8372.01953
8391.2998
8416.86035
8461.78027
8364.05957
8487.50977
8664.88965
8760.78027
8892.36035
8940.9502
8719.91992
8651.19043
8576.95996
8421.08008
8376.87988
8140.72021
7995.12988
8109.33984
7939.93018
7936.18994
7957.14014
7909.02979
8023.16016
8083.14014
8175.93018
8137.93994
7961.91992
7867.37012
7905.52002
7929.25977
7845.31006
8052.24023
8196.24023
7848.74023
7852.16016
7693.97998
7840.4502
7551.00977
7479.97021
7447.5498
7249.47021
7105.93994
7114.2998
7156.68018
7173.56006
7033.62012
6755.16992
6705.62988
6726.41992
6544.1001
6469.9502
6516.85986
6546.60986
6867.5498
6872.25
7105.85986
7206.8501
7172.0498
7257.27002
7369.25977
7257.83008
7278.77979
7646.99023
7550.06006
7752.27979
7735.9502
7437.58984
7523.4502
7483.87012
7763.99023
7897.24023
7862.2002
7762.08008
7750.8501
7839.89014
7963.75
7902.25977
7870.47998
7962.70996
8086.87988
7840.4502
7791.9502
7868.00977
7804.20996
7957.4502
7987.16016
7938.97998
8017.91016
8136.8999
8099.31006
8213.59961
8362.78027
8403
8358
8410.73047
8410.33008
8365.65039
8262.42969
8273.90039
8230.16992
8270.15039
8463.54004
8405.46973
8221.00977
8257.16992
8226.90039
8289.34961
8246.58008
8368.51953
8501.29004
8693.71973
8598.37988
8634.57031
8700.41016
8633.07031
8725.12012
8639.9502
8736.23047
8716.73047
8577.90039
8499.37988
8461.29004
8475.12012
8496.73047
8334.5498
8286.41016
8259.87988
8259.42969
8401.36035
8429.08984
8393.9502
8447.53027
8280.74023
8205.99023
8154.37988
8087.18994
8145.31006
8093.31006
8130.41992
8285.2002
8363.9502
8584.40039
8674.41016
8745.90039
8811.26953
8860.32031
8866.44043
9007.38965
9034.51953
9007.46973
9014.19043
9072.61035
9133.4502
9173.65039
9250.74023
9206.4502
9208.7998
9258.4502
9290.33984
9216.87988
9221.01953
9305.30957
9232.83008
9116.51953
9134.36035
9131.94043
9267.96973
9347.25
9486.23047
9508.98047
9485.78027
9459.40039
9495.98047
9436.12988
9292.08008
9262.2998
9252.92969
9321.62988
9439.98047
9476.17969
9508.21973
9571.55957
9535.95996
9580.92969
9679.17969
9749.45996
9784.67969
9725.87988
9771.91016
9740.83984
9666.03027
9641.00977
9663.23047
9739.11035
9608.58984
9500.37012
9430.08008
9481.08984
9601.25977
9675.62012
9728.07031
9764.87988
9849.37012
9815.05957
9873.48047
9977.46973
9939.91016
9995.15039
9992.80957
9943.75977
9916.78027
9932.5
9849.4502
9837.95996
9758.08008
9759.12988
9684.54004
9678.9502
9703.88965
9767.13965
9807.7998
9936.80957
10020.62012
10197.69043
10246.13965
10171.24023
10192.03027
10267.4502
10361.99023
10360.09961
10256.11035
10271.67969
10320.0498
10359.58008
10420.94043
10231.25
10263.29004
10343.44043
10421.46973
10350.0498
10311.80957
10360.17969
10249.83984
10235.62988
10335.76953
10400.08008
10471.28027
10426.69043
10427.58984
10307.95996
10263.90039
10329.7998
10414.58984
10437.7998
10461.67969
10506.33984
10544.28027
10505.66016
10423.12988
10430.69043
10522.51953
10546.5498
10505.20996
10554.33008
10591.58984
10568.83984
10614.49023
10666.86035
10561.05957
10591.96973
10517.2998
10374.69043
10157.63965
10171.76953
10155.59961
10104.36035
10055.08008
10043.75
10068.91016
10173.58984
10231.92969
9998.03027
9835.08984
9904.08984
9910.05957
9962.95996
9976.70996
9983.82031
10100.80957
10261.48047
10294.50977
10339.16992
10368.9502
10267.83008
10283.92969
10185.83008
10272.29004
10326.09961
10389.42969
10376.58008
10390.86035
10445.0498
10542.38965
10533.92969
10526.51953
10507.16992
10594.83984
10570.50977
10621.90039
10686.36035
10728.15039
10694.21973
10695.12988
10784.75977
10825.41992
10834.19043
10816.42969
10849.23047
10866.83008
10832.83008
10857.30957
10923.96973
10927.51953
10845.4502
10844.08984
10926.91992
10992.20996
10947.76953
11020.62988
11096.2002
10973.91992
10977.84961
11081.46973
11071.33984
11016.40039
11105.65039
11187.65039
10973.16992
10965.37988
11041.63965
10999.69043
11009.59961
10869.25
10814.83984
9869.62012
10241.23047
10386.03027
10685.37988
10742.15039
10771.69043
10537.25
10436.05957
10482.2002
10324.66016
10065.36035
9918.82031
10052.66992
9774.48047
9952.67969
9971.73047
10095.90039
10013.90039
10025.61035
10175.01953
9889.87988
9810.2998
9757.5498
9867.73047
9901.66992
10082.70996
10186.20996
10192.40039
10332.59961
10319.21973
10424.49023
10395.5498
10283.40039
10227.24023
10128.84961
10081.08008
10101.41016
9811.91992
9753.83984
9621.88965
9614.32031
9659.00977
9736.7002
10019.25977
10118.41016
10146.49023
10217.5498
10303
10240.48047
10079.58008
10073.67969
10007.75977
10065.5
10121.80957
10287.48047
10414.40039
10494.86035
10463.21973
10387.38965
10347.5
10468.58984
10600.95996
10627.53027
10612.84961
10515.37012
10649.40039
10551.62012
10367.33008
10268.70996
10285.44043
10209.53027
10297.46973
10330.01953
10216.19043
10147.24023
10170.29004
9991.17969
9937.98047
9968.09961
9936.62012
10007.67969
9941.83984
10016.00977
10253.95996
10321.83984
10332.40039
10335.69043
10386.62988
10403.16992
10458.59961
10499.7002
10480.78027
10522.48047
10567.36035
10608.08008
10717.74023
10708.40039
10640.91992
10664.30957
10809.62012
10728.63965
10798.87988
10745.44043
10780.63965
10711.12012
10752.62988
10918.57031
10892.75977
10929.28027
10977.90039
10913.83984
11022.07031
11023.54004
11010.67969
11054.75977
10917.62012
10970.88965
11066.19043
11109.25
11132.33984
11087
11020.82031
11052.59961
11075.7998
11062.33008
11125.21973
11097.37012
11216.65039
11393.51953
11362.53027
11303.19043
11255.01953
11231.21973
11143.83984
11189.09961
10978.92969
10990.80957
11010.33984
11119.24023
11054.53027
10992.16992
11037.34961
11067.16992
10929.28027
10942.98047
11007.23047
11255.84961
11318.82031
11350.26953
11354.08984
11327.49023
11331.5
11357.71973
11405.33008
11428.94043
11445.66992
11421.2998
11451
11442.67969
11478.29004
11528.08008
11542.62012
11518.44043
11541.13965
11572.66016
11551.92969
11530.32031
11577.34961
11635.74023
11652.88965
11667.45996
11599.67969
11573.87012
11635.48047
11673.62012
11700.53027
11698.83008
11777.99023
11798.45996
11744.76953
11822.7998
11867.98047
11898.74023
11961.83008
11971.92969
11803.04004
11817.87988
11892.5
12018.50977
11981.0498
12025.78027
12092.2998
12150.0498
12188.19043
12156.94043
12180.48047
12235.91016
12193.26953
12219.79004
12253.24023
12303.23047
12176.30957
12063.42969
11983.16992
12060.92969
12130.15039
12054.99023
12018.62988
12068.00977
12079.50977
12041.59961
12072.20996
12156.59961
11974.38965
11936.32031
11897.30957
11696.25
11555.48047
11614.82031
11777.23047
11860.11035
12002.84961
11972.61035
12087.54004
12170.70996
12197.87988
12173.50977
12280.07031
12319.00977
12321.01953
12369.15039
12353.33984
12386.66016
12328.36035
12320.71973
12352.87988
12233
12224.4502
12163.86035
12272.58008
12093.88965
12200.2998
12263.58008
12447.55957
12446.0498
12478.13965
12588.33008
12674.54004
12751.12988
12784.62012
12749.99023
12673.01953
12521.28027
12579.92969
12620.2002
12681.65039
12577.20996
12537.16992
12543.19043
12530.80957
12378.83984
12443.09961
12533.45996
12485.86035
12331.76953
12350.04004
12309.51953
12317.91992
12397.69043
12443.40039
12282.41992
12190.54004
12104.03027
12070.66016
12066.61035
12024.25977
12049.08984
11937.41992
11917.78027
11951.37988
11862.53027
11875.76953
11962.50977
11971.29004
12081.17969
12105.84961
11874.94043
11925.41992
11934.0498
12042.28027
12175.86035
12262.09961
12404.08008
12540.58008
12539.20996
12627.23047
12567.41016
12470.2998
12446.87988
12447.33008
12414.41016
12406.08984
12296.23047
12385.95996
12546.55957
12566.61035
12644.19043
12536.19043
12489.04004
12289.69043
12226.83008
12083.4502
11998.08008
11865.55957
11700.33984
11372.13965
11139
10809.84961
10604.07031
10686.49023
10729.84961
11142.17969
11269.84961
11292.62988
11322.2998
10881.59961
10801.41016
10820.37012
10854.42969
11113.04004
11106.75977
10929.2002
11286.58008
11429.38965
11528.08008
11488.45996
11211.34961
10932.53027
11137.62988
11283.74023
10935.63965
10824.75977
10987.17969
10993.83984
11247.49023
11407.41016
11255.25
11373.91992
11117.28027
10597.13965
10638.73047
10771.78027
11045.23047
10996.98047
10965.4502
10909.51953
10653.33984
10404.49023
10738.09961
10858.66992
11051.12988
11104.55957
11365.66992
11417.28027
11377.82031
11478.66016
11378.34961
11296.12012
11469.16992
11391.13965
11542.83984
11805.76953
11682.51953
11694.36035
11872.07031
12164.24023
11954.41016
11630.03027
11658.49023
11835.42969
11850.30957
11880.69043
12002.16992
11736.92969
11779.87988
11896.28027
12027.03027
12001.25977
11890.57031
11676.34961
11755.82031
11454.07031
11433.96973
11257.5498
11231.42969
11232.16016
11517.04004
11559.26953
11974.62012
12007.12012
12021.45996
12076.70996
12060.37012
11966.21973
11995.50977
11940.86035
11904.37988
11786.46973
11825.21973
11819.30957
11735.19043
11768.83008
11999.44043
12107.37012
12169.7998
12269.96973
12140.16992
12152.08984
12213.78027
12221.19043
12337.25
12283.90039
12332.41016
12333.84961
12394.50977
12399.00977
12385.08008
12311.79004
12423.12012
12453.2002
12563.58008
12620.75977
12665.83008
12613.54004
12580.12012
12695.16016
12630.71973
12529.41016
12567.33008
12632.75977
12676.0498
12704.95996
12793.42969
12782.57031
12817.69043
12846.41016
12743.55957
12799.11035
12786.92969
12753.62012
12779.58008
12903.25
12926.11035
12914.83008
12882.66992
12950.58984
12882.58984
12952.82031
12929.66016
12943.05957
12927.76953
12883.91016
12734.86035
12751.50977
12835.53027
12906.42969
12919.98047
12953.12988
13166.25
13170.19043
13231.4502
13208.62988
13123.37988
13112.92969
13017.41992
13002.76953
13082.38965
13194.33008
13069.25977
13032.66992
13147.78027
13153.69043
13131.20996
13020.86035
13012.45996
12903.78027
12710.55957
12716.91992
12806.2998
12845.28027
12850.7998
12921.79004
13027.49023
12896.82031
12964.25
12845.58008
12926.49023
12993.59961
13075.95996
13192.20996
13176.00977
13174.65039
13192.20996
13175.63965
13022.33984
12970
12810.38965
12748.48047
12820.2998
12779.28027
12661.48047
12608.16016
12597.33984
12440.51953
12336.75977
12367.71973
12447.33008
12311.55957
12419.62988
12421.53027
12454.59961
12396.40039
12316.48047
12107.48047
12035.08984
12072.16992