13279.54004
13137.92969
13046.71973
12884.15039
12906.41992
12738.63965
12931.29004
12851.13965
12794.57031
12777.5
12613.12988
12517.61035
12341.54004
12092.71973
12276.66992
12399.17969
12486.88965
12386.00977
12503.15039
12681.41016
12702.37988
12767.74023
12749.78027
12631.92969
12390.32031
12332.51953
12281.87988
12252.12012
12469.41016
12573.12988
12557.61035
12376.66016
12505.25
12464.05957
12503.45996
12397.79004
12584.62012
12734.17969
12756.55957
12689.44043
12580.15039
12281.37012
12259.23047
12349.66992
12254.58984
12094.20996
11926.5
12160.7998
12303.34961
12215.34961
12193.61035
12076.21973
12392.66016
12461.53027
12378.74023
12622.07031
12571.83984
12531.9502
12476.75977
12382.16016
12326.46973
12659.82031
12696.29004
12675.12012
12688.48047
12733.66016
12607.2998
12621.5498
12649.30957
12580.26953
12367.59961
12387.79004
12625.78027
12656.55957
12893.98047
12850.91016
12825.25977
12837.38965
12942.25977
12909.2002
12938.75977
12889.83008
13010
13029.0498
13132.45996
13058.4502
13046.15039
13036.70996
12909.86035
12861.41016
12904.16016
12891.37012
12993.15039
12999.5
13001.94043
13136.69043
13026.04004
12862.46973
12669.33984
12621.95996
12572.53027
12601.92969
12726.66016
12689.7002
12638.08008
12554.0498
12496.16016
12610.95996
12603.07031
12331.86035
12369.23047
12286.66992
12269.24023
12310.28027
12319.71973
12322.82031
12158.67969
12114.79004
12062.19043
11986.95996
11904.32031
11924.19043
11808.73047
11485.25
11437.2998
11407.90039
11434.12012
11337.48047
11399.11035
11391.12988
11418.24023
11270.2998
11241.07031
11239.04004
11123.66992
11244.16992
11446.66016
11510.82031
11559.66992
11616.66016
11698.16992
11634.49023
11443.80957
11369.5498
11398.37988
11586.62012
11578.88965
11425.73047
11382.16992
11615.92969
11685.45996
11655.58008
11759.95996
11867.11035
11782.34961
11633.78027
11718.28027
11709.88965
11690.42969
11478.16992
11454.15039
11476.20996
11632.12988
11626.26953
11436.24023
11554.45996
11715.17969
11713.23047
11790.16992
11554.37988
11532.48047
11245.15039
11570.66016
11577.5
11380.62988
11445.67969
11459.92969
11416.4502
11093.21973
11057.30957
11076.44043
11483.0498
11394.58008
11143.20996
10928.40039
11129.19043
11168.05957
11139.94043
10868.90039
10882.51953
10825.54004
10796.25977
10322.75977
10124.03027
9628.07031
9448.13965
8901.28027
9427.99023
9794.37012
9308.75977
9013.26953
9281.12012
9266.62988
9284.5498
9027.83984
8795.99023
8683.20996
8599.09961
9082.08008
9363.32031
9266.46973
9454.36035
9410.5498
9653.9502
9616.59961
9155.44043
8961.57031
9159.58008
8867.91016
8684.59961
8876.58984
8923.17969
8571.2998
8477.9502
8504.63965
8187.3999
8071.75
8599.01953
8607.37988
8726.61035
8831.34961
8827.0498
8437.16992
8624.19043
8631.99023
8686.46973
9026.41016
8934.09961
8879.21973
8809.4502
8682.57031
8676.28027
8958.79004
8961.25977
8883.36035
8787.23047
8601.41016
8604.12012
8498.5
8533.07031
8530.67969
8675.24023
8842.66016
9065.28027
9034.37012
9088.05957
8996.94043
8770.01953
8769.62012
8602.59961
8522.08008
8446.25
8286.16016
8341.2002
8291.98047
8243.5498
8224.83008
8152.58984
8231.67969
8225.79004
8405.87012
8373.13965
8195.75977
8000.62012
8111.56982
8162.1499
8107.83008
8312.37012
8315.07031
8269.44043
7983.74023
7938.81982
7970.83984
7845.62988
7617.75977
7614.97021
7469.29004
7441.02002
7378.97021
7404.93994
7402.31006
7195.45996
7058.9502
6855.29004
6979.22021
6874.00977
6755.16992
6709.60986
6926.49023
7015.06006
7184.70996
7242.62012
7392.91016
7396.81006
7571.64014
7548.45996
7460.93018
7780.72021
7796.56982
7863.62988
7931.33008
7922.56982
7773.39014
7725.35986
7789
8075.72998
8019.5
8016.16016
7969.08008
7887.52002
8087.27979
8113.41016
8057.41016
8041.31982
8168.12012
8190.66016
8128.93994
7979.2002
8044.83008
7979.43994
8127.5
8122.56006
8091.66016
8257.57031
8307.50977
8219.80957
8434.86035
8458.12012
8518.57031
8577.19043
8587.5498
8569.23047
8517.45996
8462.04004
8376.63965
8394.95996
8511.87988
8538.00977
8591.92969
8416.15039
8364.13965
8495.70996
8496.58984
8434.62012
8522.9502
8760.7002
8787.12988
8740.38965
8751.25
8839.40039
8823.96973
8803.25977
8834.92969
8877.92969
8805.53027
8798.5
8643.65039
8563.00977
8590.51953
8616.58984
8538.83008
8370.90039
8428.41016
8490.45996
8468.76953
8533.23047
8560.44043
8580.46973
8503.23047
8327.96973
8326.30957
8219.51953
8228.66992
8183.8501
8331.67969
8361.23047
8628.23047
8739.5498
8754.29004
8854.7998
8927.12988
8949.7998
9096.71973
9100.87988
9123.40039
9124.91016
9094.83008
9246.42969
9218.76953
9298.42969
9321.09961
9318.08008
9325.11035
9437.70996
9371.95996
9334.33008
9424.11035
9406.5
9401.96973
9313.84961
9233.50977
9313.08984
9363.9502
9519.11035
9587.73047
9620
9582.96973
9609.71973
9630.2002
9543.05957
9557.9502
9330.92969
9350.26953
9445.71973
9511.01953
9577.21973
9633
9649.84961
9631.11035
9713.70996
9799.71973
9854.58008
9847.70996
9818.69043
9843.40039
9917.99023
9805.38965
9735.92969
9823.66992
9834.48047
9776.82031
9711.66992
9524.78027
9625.05957
9774.32031
9740.32031
9836.66992
9865.00977
9931.82031
9895.08984
10027.73047
10062.94043
10061.66016
10117.95996
10098.38965
10119.46973
10105.19043
10109.57031
10072.32031
9947.54004
9902.41992
9969.91016
9962.12988
9858.58984
9787.46973
9928.04004
10013.07031
10044.5
10228.23047
10260.7998
10341.96973
10321.63965
10305.69043
10434.24023
10438.16992
10432.66016
10425.33008
10342.71973
10495.61035
10453.96973
10481.48047
10452.23047
10364.33984
10501.28027
10513.51953
10507.62988
10516.7002
10443.16016
10385.65039
10342.26953
10444.59961
10484.0498
10514.66016
10499.30957
10509.96973
10440.05957
10372.34961
10458.0498
10479.82031
10492.05957
10522.05957
10551.61035
10580.33008
10550.7002
10555.00977
10604.96973
10584.55957
10594.99023
10612.37012
10619.40039
10676.23047
10663.08008
10709.25977
10723.76953
10709.94043
10729.88965
10719.91992
10614.94043
10389.58008
10256.87012
10285.12988
10255.05957
10258.83008
10239.33984
10190.88965
10314.83984
10307.2002
10273.12012
10031.95996
10028.55957
10139.42969
10085.54004
10161.57031
10137.38965
10279.54004
10320.12988
10406.58008
10438.5498
10433.63965
10411.12012
10393.50977
10366.67969
10353.4502
10413.99023
10456.91992
10469.54004
10452.37988
10571.94043
10587.74023
10612.59961
10601.79004
10611.83984
10644.9502
10644.19043
10693.99023
10767.98047
10784
10819.90039
10809.84961
10893.88965
10887.83984
10955.48047
10909.37988
10916.63965
10940.21973
10907.41992
10956.38965
10988.05957
10987.37988
10962.66016
10949.36035
11000.98047
11029.76953
11038.91992
11125.21973
11154.5498
11153.79004
11095.2998
11146.08008
11153.71973
11149.86035
11205.63965
11258.00977
11218.86035
11078.51953
11197.32031
11197.92969
11177.66992
11149.48047
10946.79004
10879.75977
10579.12012
10835.16992
10874.54004
10909.08008
10920.26953
10780.75
10660.96973
10718.86035
10522.51953
10440.20996
10198.53027
10196.41016
10061.66016
10179.03027
10264.2002
10258
10218.33008
10254.21973
10315.20996
10249.69043
9982.37988
9953.66016
10065.13965
10185.83008
10215.98047
10328.66992
10408.32031
10429.03027
10441.2002
10483.44043
10594.16016
10493.57031
10368.04004
10298.05957
10202.91016
10201.92969
10135.7998
9908.91992
9795.48047
9770.87012
9858.12988
10026.59961
10139.86035
10201.76953
10220.28027
10407.82031
10400.09961
10379.74023
10356.2002
10187.28027
10236.40039
10265.54004
10363.24023
10441.9502
10526.79004
10578.33008
10548.51953
10584.99023
10507.19043
10692.2002
10676.9502
10702.99023
10679.75
10668.7002
10719.94043
10700.70996
10631.90039
10361.65039
10354.91992
10333.12012
10480.44043
10472.2998
10411.15039
10270.98047
10304.7002
10173.0498
10097.40039
10104.70996
10159.87988
10150.57031
10073.37988
10279.08008
10320.37012
10451.15039
10446.7998
10426.7002
10476.62012
10471.28027
10567.58984
10588.32031
10587.7998
10603.69043
10650.16016
10774.12988
10833.38965
10805.37988
10761.94043
10865.78027
10873.2002
10886.20996
10869.25977
10948.87988
10866.54004
10853.70996
10965.61035
10974.16016
10998.53027
11032.16992
11030.5
11053.20996
11155.23047
11112.2002
11141.19043
11159.0498
11139.59961
11152.87988
11213.54004
11159.0498
11247.59961
11184.82031
11168.40039
11179.33984
11131.00977
11244.26953
11219.51953
11226.63965
11440.37012
11451.53027
11439.61035
11421.13965
11366.16016
11326.76953
11283.7002
11280.90039
11194.7002
11042.16016
11199.69043
11206.16992
11206.0498
11180.16992
11195.99023
11183.5
11083.82031
11062.62988
11276.09961
11373.7998
11388.87012
11392.08008
11450.88965
11389.08984
11413.34961
11413.69043
11480.03027
11514.08008
11519.04004
11514.83984
11503.17969
11517.07031
11549.12012
11566.99023
11580.83984
11573.19043
11591.12988
11625
11594.37988
11597.41016
11711.46973
11698.21973
11742.67969
11736.74023
11726.94043
11677.33008
11704.12012
11782.23047
11757.25
11794.15039
11858.78027
11861.24023
11845.16016
11905.48047
11982.94043
11985.96973
12020.51953
12019.53027
12012.41992
11891.92969
12050.75
12057.91016
12080.54004
12092.41992
12188.75977
12238.79004
12254.23047
12239.66016
12285.94043
12276.20996
12267.66016
12303.16016
12331.30957
12391.29004
12389.82031
12221.12012
12129.62012
12151.03027
12235.04004
12261.37988
12115.12012
12283.09961
12271.37012
12243.44043
12251.2002
12257.82031
12211.42969
12087.00977
12042.12988
11988.69043
11856.7002
11800.54004
11927.08984
12078.2998
12050.98047
12116.13965
12191.17969
12259.79004
12272.91992
12285.41016
12383.45996
12381.67969
12419.70996
12407.41016
12438.13965
12450.92969
12440.55957
12450.36035
12444
12381.19043
12335.09961
12305.58008
12369.26953
12339.79004
12275.33984
12475.53027
12506.05957
12506.21973
12613.16016
12708.37012
12776.13965
12832.83008
12876
12840.66016
12806.67969
12724.55957
12759.23047
12722.07031
12781.05957
12748.20996
12718.58008
12714.5
12642.90039
12541.33008
12571.15039
12633.58984
12604.83008
12511.36035
12422.5498
12440.03027
12441.58008
12483.80957
12574.29004
12569.49023
12306.70996
12247.87012
12151.49023
12178.88965
12098.36035
12183.12012
12124.84961
12011.66016
12120.7998
12075.2002
11990.01953
12072.88965
12099.87012
12217.33008
12207.99023
12108.73047
12057.19043
12098.80957
12190.42969
12284.38965
12427.08984
12596.12988
12601.7998
12643.24023
12753.88965
12717.90039
12655.83984
12570.58008
12611.04004
12581.98047
12504.82031
12475.25977
12607.55957
12603.50977
12751.42969
12740.87012
12679.9502
12593.40039
12498.65039
12384.90039
12243.07031
12282.41992
12130.2998
11904.91016
11893.94043
11555.41016
11434.08984
11244.00977
11228
11278.90039
11346.66992
11484.59961
11488.00977
11529.66992
11406.5
11086.40039
11020.5498
11176.83984
11331.57031
11406.38965
11326.42969
11541.78027
11630.07031
11712.59961
11716.83984
11492.13965
11237.45996
11414.86035
11477.2998
11294.83008
11062.03027
11140.84961
11386.78027
11433.40039
11532.46973
11506.82031
11550.21973
11447.86035
11122.12012
10808.49023
11057.49023
11369.2998
11317.08008
11271.13965
11152.38965
10979.19043
10825.44043
10950.88965
11132.59961
11232.0498
11433.33008
11447.86035
11625.2998
11518.08984
11646.83008
11643.34961
11652.74023
11633.7002
11581.25
11812.45996
11940.75
11912.86035
11891.20996
12284.30957
12251.91992
12229.29004
11951.75977
11876.83008
12065.92969
12043.49023
12074.44043
12187.50977
12166.40039
11961.13965
12179.71973
12170.55957
12165.11035
12109.03027
11948.42969
11854.80957
11795.7002
11571.75
11492.82031
11361.46973
11562.09961
11624.00977
12045.67969
12062.63965
12146.67969
12186.53027
12215.70996
12257.66992
12195.91016
12212.83008
12181.37988
12147.7002
11950.01953
11967.83984
11968.17969
11925.87988
12117.12988
12119.7002
12182.70996
12297.44043
12328.46973
12299.11035
12293.95996
12290.05957
12479.65039
12430
12435.98047
12415.24023
12409.08008
12514.69043
12462.58008
12483.7002
12470.12012
12573.65039
12582.28027
12625.7998
12720.48047
12764.49023
12708.51953
12778.25977
12841.9502
12733.9502
12659.32031
12720.09961
12784.62012
12741.88965
12869.9502
12860.79004
12903.70996
12893.63965
12924.70996
12889.62988
12887.92969
12878.87988
12899.46973
12914
12967.91992
13005.04004
12977.91016
12996.08008
13013.82031
13027.51953
13021.50977
13055.75
13032.66992
12997.50977
12977.33984
12958.73047
12857.73047
12937.19043
12968.79004
12976.36035
13180.40039
13221.26953
13253.50977
13289.08008
13269.70996
13238.4502
13190.01953
13124.46973
13099.91016
13243.86035
13264.98047
13212.63965
13151.57031
13224.49023
13297.11035
13265.36035
13198.19043
13088.11035
13057.71973
12929.58984
12844.82031
12986.95996
12986.34961
12986.76953
13131.36035
13114.55957
13080.2002
13082.54004
13028.2002
13050.2998
13105.7002
13227.82031
13266.67969
13228.75977
13338.66016
13278.11035
13284.08984
13205
13049.08984
13000.73047
12921.80957
12931.70996
12918.00977
12818.86035
12758.42969
12722.62988
12611.41992
12492.96973
12508.11035
12575.95996
12508.2998
12539.58984
12533.12012
12611.61035
12579.09961
12489.87012
12391.62988
12143.69043
12147.5498